#Correct hessian matrix
     3.53414452064      0.11505202492      1.91496096144     0.580719740739     0.393192669736     0.123239562411        2.913828049     0.398108278831     -3.14294885169    0.0227632378634   0.00311007832103   -0.0245531620605     0.658941551364      0.60270012124     0.141028335086     0.906966588129   0.00708535158306
     0.11505202492      4.03531573899     0.580719740739      1.79141780287     0.123239562411     0.437129848476      3.45617182872     0.598528375562    -0.452126089174    0.0270001043682   0.00467578853378  -0.00353207311448     0.439096046131     0.312829214973    0.0397898316832     0.470667580439    0.0036769218732
     1.91496096144     0.580719740739        4.143616429      1.31723177115    0.0214287959007    0.0115635322232      3.33372589335     0.496487794461     -2.88432706429    -0.806086160546    -0.120049444015     0.697422704622      0.60270012124     0.528390573144   0.00447030412712     0.565807510774    -0.136810769259
    0.580719740739      1.79141780287      1.31723177115      4.60395634521    0.0115635322232    0.0238424325323      3.63268052158     0.620058931926     -1.11836318583    -0.878372604049     -0.14992862033     0.270417279464     0.312829214973     0.129410368457  0.000295461828231     0.134138173644   -0.0324342578948
    0.393192669736     0.123239562411    0.0214287959007    0.0115635322232      2.13825023541     0.313473981054      1.48428727316     0.222492787875     -1.25887476871     0.926391587474     0.138864929106    -0.785704369029     0.141028335086   0.00447030412712     0.122450303174     0.248364407577      0.15501224188
    0.123239562411     0.437129848476    0.0115635322232    0.0238424325323     0.313473981054      2.94444905336      1.83234156803     0.314705288612    -0.480973809014      1.14362350516     0.196417726659    -0.300191275989    0.0397898316832  0.000295461828232   -0.0135255799191    0.0141196019529   0.00881249924063
       2.913828049      3.45617182872      3.33372589335      3.63268052158      1.48428727316      1.83234156803      14.8011293144      1.96655544969     -6.24654020549      2.04340055269      0.33007265697     -1.04843833558      1.30458658772     0.739447286119     0.281991861651      1.47639714442     0.247802993949
    0.398108278831     0.598528375562     0.496487794461     0.620058931926     0.222492787875     0.314705288612      1.96655544969      2.95094455371    -0.899539311109      0.33007265697    0.0544294457945    -0.150981418049     0.162251172502    0.0705887165505     0.022278723147     0.139187230603    0.0233616087605
    -3.14294885169    -0.452126089174     -2.88432706429     -1.11836318583     -1.25887476871    -0.480973809014     -6.24654020549    -0.899539311109      8.85678615597     -1.04843833558    -0.150981418049      1.04568389001    -0.996178206359    -0.625913253938    -0.290639099001     -1.25061978241    -0.209907833773
   0.0227632378634    0.0270001043682    -0.806086160546    -0.878372604049     0.926391587474      1.14362350516      2.04340055269      0.33007265697     -1.04843833558       4.4919754611     0.436641843546     -1.38694326241    0.0101916153974    -0.178796410641     0.176000221178     0.247802993949     0.327810116438
  0.00311007832103   0.00467578853378    -0.120049444015     -0.14992862033     0.138864929106     0.196417726659      0.33007265697    0.0544294457945    -0.150981418049     0.436641843546      1.86083352148    -0.199728160834   0.00126752916478   -0.0170681661667    0.0139048700856    0.0233616087605     0.030904274262
  -0.0245531620605  -0.00353207311448     0.697422704622     0.270417279464    -0.785704369029    -0.300191275989     -1.04843833558    -0.150981418049      1.04568389001     -1.38694326241    -0.199728160834      3.17213016725  -0.00778228539377     0.151344180008    -0.181397241069    -0.209907833773    -0.277679903434
    0.658941551364     0.439096046131      0.60270012124     0.312829214973     0.141028335086    0.0397898316832      1.30458658772     0.162251172502    -0.996178206359    0.0101916153974   0.00126752916478  -0.00778228539377      28574954563.5      5.77310520597      1.40811521877      8.73292130155    0.0682228194274
     0.60270012124     0.312829214973     0.528390573144     0.129410368457   0.00447030412712  0.000295461828231     0.739447286119    0.0705887165505    -0.625913253938    -0.178796410641   -0.0170681661667     0.151344180008      5.77310520597      28574954562.1    0.0591395849963       6.5485837961     -1.58343035333
    0.141028335086    0.0397898316832   0.00447030412712  0.000295461828232     0.122450303174   -0.0135255799191     0.281991861651     0.022278723147    -0.290639099001     0.176000221178    0.0139048700856    -0.181397241069      1.40811521877    0.0591395849963      28574954557.9      3.34763762071      2.08936867263
    0.906966588129     0.470667580439     0.565807510774     0.134138173644     0.248364407577    0.0141196019529      1.47639714442     0.139187230603     -1.25061978241     0.247802993949    0.0233616087605    -0.209907833773      8.73292130155       6.5485837961      3.34763762071      15.9167048482      2.23064214841
  0.00708535158306    0.0036769218732    -0.136810769259   -0.0324342578948      0.15501224188   0.00881249924063     0.247802993949    0.0233616087605    -0.209907833773     0.327810116438     0.030904274262    -0.277679903434    0.0682228194274     -1.58343035333      2.08936867263      2.23064214841      4.73967097243  