#Correct result
     48627.5851186      9712.61960996     -31760.1523239      603.468905744     -15863.6021545     -14291.2014927     -1003.83064027      3975.11297701
     9712.61960996      50977.5697718      7547.91335019      947.797338494     -14291.2014927     -14520.7537812     -2969.33146744      -37404.613329
    -31760.1523239      7547.91335019      63929.3369125     -25814.8781097      3676.73835461     -3623.41459354     -35845.9229433       21890.379353
     603.468905744      947.797338494     -25814.8781097      74336.4118051       3321.0298509      -32196.496759       21890.379353     -43087.7123846
    -15863.6021545     -14291.2014927      3676.73835461       3321.0298509       34585.878134      11674.8689883     -22399.0143341     -704.697346471
    -14291.2014927     -14520.7537812     -3623.41459354      -32196.496759      11674.8689883      35353.2200615      6239.74709797      11364.0304786
    -1003.83064027     -2969.33146744     -35845.9229433       21890.379353     -22399.0143341      6239.74709797      59248.7679177     -25160.7949836
     3975.11297701      -37404.613329       21890.379353     -43087.7123846     -704.697346471      11364.0304786     -25160.7949836       69128.295235  