#Correct result
4.444444444444e+00 1.333333333333e+00 1.333333333333e+00 -1.777777777778e+00 -8.326672684689e-17 -5.551115123126e-17 -1.555555555556e+00 -1.333333333333e+00 -3.816391647149e-17 8.888888888889e-01 -6.071532165919e-18 6.666666666667e-01 8.888888888889e-01 6.666666666667e-01 2.862293735362e-17 -1.555555555556e+00 6.938893903907e-18 -1.333333333333e+00 -1.111111111111e+00 -6.666666666667e-01 -6.666666666667e-01 -2.222222222222e-01 2.775557561563e-17 5.204170427930e-17
1.333333333333e+00 4.444444444444e+00 1.333333333333e+00 -8.326672684689e-17 8.888888888889e-01 6.666666666667e-01 -1.333333333333e+00 -1.555555555556e+00 -3.469446951954e-17 -6.071532165919e-18 -1.777777777778e+00 2.168404344971e-17 6.666666666667e-01 8.888888888889e-01 7.719519468097e-17 6.938893903907e-18 -2.222222222222e-01 4.857225732735e-17 -6.666666666667e-01 -1.111111111111e+00 -6.666666666667e-01 2.775557561563e-17 -1.555555555556e+00 -1.333333333333e+00
1.333333333333e+00 1.333333333333e+00 4.444444444444e+00 -5.551115123126e-17 6.666666666667e-01 8.888888888889e-01 -3.816391647149e-17 -3.469446951954e-17 -2.222222222222e-01 6.666666666667e-01 2.168404344971e-17 8.888888888889e-01 2.862293735362e-17 7.719519468097e-17 -1.777777777778e+00 -1.333333333333e+00 4.857225732735e-17 -1.555555555556e+00 -6.666666666667e-01 -6.666666666667e-01 -1.111111111111e+00 5.204170427930e-17 -1.333333333333e+00 -1.555555555556e+00
-1.777777777778e+00 -1.387778780781e-17 -5.551115123126e-17 4.444444444444e+00 -1.333333333333e+00 -1.333333333333e+00 8.888888888889e-01 6.938893903907e-18 -6.666666666667e-01 -1.555555555556e+00 1.333333333333e+00 -3.122502256758e-17 -1.555555555556e+00 -2.081668171172e-17 1.333333333333e+00 8.888888888889e-01 -6.666666666667e-01 1.040834085586e-17 -2.222222222222e-01 -1.387778780781e-17 -9.714451465470e-17 -1.111111111111e+00 6.666666666667e-01 6.666666666667e-01
-1.387778780781e-17 8.888888888889e-01 6.666666666667e-01 -1.333333333333e+00 4.444444444444e+00 1.333333333333e+00 6.938893903907e-18 -1.777777777778e+00 0.000000000000e+00 1.333333333333e+00 -1.555555555556e+00 6.938893903907e-18 -2.081668171172e-17 -2.222222222222e-01 9.020562075079e-17 -6.666666666667e-01 8.888888888889e-01 9.714451465470e-17 -1.387778780781e-17 -1.555555555556e+00 -1.333333333333e+00 6.666666666667e-01 -1.111111111111e+00 -6.666666666667e-01
-5.551115123126e-17 6.666666666667e-01 8.888888888889e-01 -1.333333333333e+00 1.333333333333e+00 4.444444444444e+00 -6.666666666667e-01 0.000000000000e+00 8.888888888889e-01 -3.122502256758e-17 6.938893903907e-18 -2.222222222222e-01 1.333333333333e+00 9.020562075079e-17 -1.555555555556e+00 1.040834085586e-17 9.714451465470e-17 -1.777777777778e+00 -9.714451465470e-17 -1.333333333333e+00 -1.555555555556e+00 6.666666666667e-01 -6.666666666667e-01 -1.111111111111e+00
-1.555555555556e+00 -1.333333333333e+00 1.387778780781e-17 8.888888888889e-01 -1.040834085586e-16 -6.666666666667e-01 4.444444444444e+00 1.333333333333e+00 -1.333333333333e+00 -1.777777777778e+00 0.000000000000e+00 -6.938893903907e-17 -1.111111111111e+00 -6.666666666667e-01 6.666666666667e-01 -2.222222222222e-01 2.775557561563e-17 -1.387778780781e-17 8.888888888889e-01 6.666666666667e-01 -5.551115123126e-17 -1.555555555556e+00 2.775557561563e-17 1.333333333333e+00
-1.333333333333e+00 -1.555555555556e+00 6.938893903907e-18 -1.040834085586e-16 -1.777777777778e+00 -1.387778780781e-17 1.333333333333e+00 4.444444444444e+00 -1.333333333333e+00 0.000000000000e+00 8.888888888889e-01 -6.666666666667e-01 -6.666666666667e-01 -1.111111111111e+00 6.666666666667e-01 2.775557561563e-17 -1.555555555556e+00 1.333333333333e+00 6.666666666667e-01 8.888888888889e-01 0.000000000000e+00 2.775557561563e-17 -2.222222222222e-01 0.000000000000e+00
1.387778780781e-17 6.938893903907e-18 -2.222222222222e-01 -6.666666666667e-01 -1.387778780781e-17 8.888888888889e-01 -1.333333333333e+00 -1.333333333333e+00 4.444444444444e+00 -6.938893903907e-17 -6.666666666667e-01 8.888888888889e-01 6.666666666667e-01 6.666666666667e-01 -1.111111111111e+00 -1.387778780781e-17 1.333333333333e+00 -1.555555555556e+00 -5.551115123126e-17 0.000000000000e+00 -1.777777777778e+00 1.333333333333e+00 0.000000000000e+00 -1.555555555556e+00
8.888888888889e-01 7.806255641896e-18 6.666666666667e-01 -1.555555555556e+00 1.333333333333e+00 2.775557561563e-17 -1.777777777778e+00 0.000000000000e+00 1.387778780781e-17 4.444444444444e+00 -1.333333333333e+00 1.333333333333e+00 -2.222222222222e-01 6.938893903907e-18 2.081668171172e-17 -1.111111111111e+00 6.666666666667e-01 -6.666666666667e-01 -1.555555555556e+00 0.000000000000e+00 -1.333333333333e+00 8.888888888889e-01 -6.666666666667e-01 -4.163336342344e-17
7.806255641896e-18 -1.777777777778e+00 7.806255641896e-18 1.333333333333e+00 -1.555555555556e+00 -3.469446951954e-17 0.000000000000e+00 8.888888888889e-01 -6.666666666667e-01 -1.333333333333e+00 4.444444444444e+00 -1.333333333333e+00 6.938893903907e-18 -1.555555555556e+00 1.333333333333e+00 6.666666666667e-01 -1.111111111111e+00 6.666666666667e-01 0.000000000000e+00 -2.222222222222e-01 -4.163336342344e-17 -6.666666666667e-01 8.888888888889e-01 7.632783294298e-17
6.666666666667e-01 7.806255641896e-18 8.888888888889e-01 2.775557561563e-17 -3.469446951954e-17 -2.222222222222e-01 1.387778780781e-17 -6.666666666667e-01 8.888888888889e-01 1.333333333333e+00 -1.333333333333e+00 4.444444444444e+00 2.081668171172e-17 1.333333333333e+00 -1.555555555556e+00 -6.666666666667e-01 6.666666666667e-01 -1.111111111111e+00 -1.333333333333e+00 -4.163336342344e-17 -1.555555555556e+00 -4.163336342344e-17 7.632783294298e-17 -1.777777777778e+00
8.888888888889e-01 6.666666666667e-01 2.862293735362e-17 -1.555555555556e+00 2.081668171172e-17 1.333333333333e+00 -1.111111111111e+00 -6.666666666667e-01 6.666666666667e-01 -2.222222222222e-01 6.938893903907e-18 2.081668171172e-17 4.444444444444e+00 1.333333333333e+00 -1.333333333333e+00 -1.777777777778e+00 1.387778780781e-17 3.469446951954e-18 -1.555555555556e+00 -1.333333333333e+00 1.387778780781e-17 8.888888888889e-01 -2.775557561563e-17 -6.666666666667e-01
6.666666666667e-01 8.888888888889e-01 6.331740687315e-17 2.081668171172e-17 -2.222222222222e-01 6.245004513517e-17 -6.666666666667e-01 -1.111111111111e+00 6.666666666667e-01 6.938893903907e-18 -1.555555555556e+00 1.333333333333e+00 1.333333333333e+00 4.444444444444e+00 -1.333333333333e+00 1.387778780781e-17 8.888888888889e-01 -6.666666666667e-01 -1.333333333333e+00 -1.555555555556e+00 2.775557561563e-17 -2.775557561563e-17 -1.777777777778e+00 6.591949208712e-17
2.862293735362e-17 6.331740687315e-17 -1.777777777778e+00 1.333333333333e+00 6.245004513517e-17 -1.555555555556e+00 6.666666666667e-01 6.666666666667e-01 -1.111111111111e+00 2.081668171172e-17 1.333333333333e+00 -1.555555555556e+00 -1.333333333333e+00 -1.333333333333e+00 4.444444444444e+00 3.469446951954e-18 -6.666666666667e-01 8.888888888889e-01 1.387778780781e-17 2.775557561563e-17 -2.222222222222e-01 -6.666666666667e-01 6.591949208712e-17 8.888888888889e-01
-1.555555555556e+00 2.081668171172e-17 -1.333333333333e+00 8.888888888889e-01 -6.666666666667e-01 -1.006139616067e-16 -2.222222222222e-01 4.163336342344e-17 -2.775557561563e-17 -1.111111111111e+00 6.666666666667e-01 -6.666666666667e-01 -1.777777777778e+00 -1.387778780781e-17 3.469446951954e-18 4.444444444444e+00 -1.333333333333e+00 1.333333333333e+00 8.888888888889e-01 5.551115123126e-17 6.666666666667e-01 -1.555555555556e+00 1.333333333333e+00 5.551115123126e-17
2.081668171172e-17 -2.222222222222e-01 4.857225732735e-17 -6.666666666667e-01 8.888888888889e-01 8.326672684689e-17 4.163336342344e-17 -1.555555555556e+00 1.333333333333e+00 6.666666666667e-01 -1.111111111111e+00 6.666666666667e-01 -1.387778780781e-17 8.888888888889e-01 -6.666666666667e-01 -1.333333333333e+00 4.444444444444e+00 -1.333333333333e+00 5.551115123126e-17 -1.777777777778e+00 0.000000000000e+00 1.333333333333e+00 -1.555555555556e+00 -2.775557561563e-17
-1.333333333333e+00 4.857225732735e-17 -1.555555555556e+00 -1.006139616067e-16 8.326672684689e-17 -1.777777777778e+00 -2.775557561563e-17 1.333333333333e+00 -1.555555555556e+00 -6.666666666667e-01 6.666666666667e-01 -1.111111111111e+00 3.469446951954e-18 -6.666666666667e-01 8.888888888889e-01 1.333333333333e+00 -1.333333333333e+00 4.444444444444e+00 6.666666666667e-01 0.000000000000e+00 8.888888888889e-01 5.551115123126e-17 -2.775557561563e-17 -2.222222222222e-01
-1.111111111111e+00 -6.666666666667e-01 -6.666666666667e-01 -2.222222222222e-01 5.551115123126e-17 -1.387778780781e-17 8.888888888889e-01 6.666666666667e-01 -5.551115123126e-17 -1.555555555556e+00 4.163336342344e-17 -1.333333333333e+00 -1.555555555556e+00 -1.333333333333e+00 0.000000000000e+00 8.888888888889e-01 0.000000000000e+00 6.666666666667e-01 4.444444444444e+00 1.333333333333e+00 1.333333333333e+00 -1.777777777778e+00 -5.551115123126e-17 5.551115123126e-17
-6.666666666667e-01 -1.111111111111e+00 -6.666666666667e-01 5.551115123126e-17 -1.555555555556e+00 -1.333333333333e+00 6.666666666667e-01 8.888888888889e-01 -5.551115123126e-17 4.163336342344e-17 -2.222222222222e-01 -2.775557561563e-17 -1.333333333333e+00 -1.555555555556e+00 -2.775557561563e-17 0.000000000000e+00 -1.777777777778e+00 0.000000000000e+00 1.333333333333e+00 4.444444444444e+00 1.333333333333e+00 -5.551115123126e-17 8.888888888889e-01 6.666666666667e-01
-6.666666666667e-01 -6.666666666667e-01 -1.111111111111e+00 -1.387778780781e-17 -1.333333333333e+00 -1.555555555556e+00 -5.551115123126e-17 -5.551115123126e-17 -1.777777777778e+00 -1.333333333333e+00 -2.775557561563e-17 -1.555555555556e+00 0.000000000000e+00 -2.775557561563e-17 -2.222222222222e-01 6.666666666667e-01 0.000000000000e+00 8.888888888889e-01 1.333333333333e+00 1.333333333333e+00 4.444444444444e+00 5.551115123126e-17 6.666666666667e-01 8.888888888889e-01
-2.222222222222e-01 0.000000000000e+00 2.428612866368e-17 -1.111111111111e+00 6.666666666667e-01 6.666666666667e-01 -1.555555555556e+00 1.387778780781e-17 1.333333333333e+00 8.888888888889e-01 -6.666666666667e-01 0.000000000000e+00 8.888888888889e-01 1.387778780781e-17 -6.666666666667e-01 -1.555555555556e+00 1.333333333333e+00 2.775557561563e-17 -1.777777777778e+00 5.551115123126e-17 1.110223024625e-16 4.444444444444e+00 -1.333333333333e+00 -1.333333333333e+00
0.000000000000e+00 -1.555555555556e+00 -1.333333333333e+00 6.666666666667e-01 -1.111111111111e+00 -6.666666666667e-01 1.387778780781e-17 -2.222222222222e-01 1.387778780781e-17 -6.666666666667e-01 8.888888888889e-01 2.081668171172e-17 1.387778780781e-17 -1.777777777778e+00 -4.510281037540e-17 1.333333333333e+00 -1.555555555556e+00 0.000000000000e+00 5.551115123126e-17 8.888888888889e-01 6.666666666667e-01 -1.333333333333e+00 4.444444444444e+00 1.333333333333e+00
2.428612866368e-17 -1.333333333333e+00 -1.555555555556e+00 6.666666666667e-01 -6.666666666667e-01 -1.111111111111e+00 1.333333333333e+00 1.387778780781e-17 -1.555555555556e+00 0.000000000000e+00 2.081668171172e-17 -1.777777777778e+00 -6.666666666667e-01 -4.510281037540e-17 8.888888888889e-01 2.775557561563e-17 0.000000000000e+00 -2.222222222222e-01 1.110223024625e-16 6.666666666667e-01 8.888888888889e-01 -1.333333333333e+00 1.333333333333e+00 4.444444444444e+00  